0
3
10
11
11
14
17
17
24
25
35
38
39
45
48
50
52
52
60
62
68
74
86
99
100
118
124
130
133
143
147
150
175
177
182
185
191
195
200
219
230
231
232
233
248
275
281
293
297
302
305
309
310
315
322
327
327
330
339
342
347
352
371
375
375
384
395
398
402
406
414
417
425
432
441
441
450
453
456
458
462
465
466
475
477
480
482
488
491
508
509
513
513
517
519
520
522
524
526
529
532
537
538
539
540
541